0000000000000000000000000000000000000000000000000000000000000011
0000000000000000000000000000000000000000000000000000000000001001
0010001001110011001101100000000101111010100110111110101011100010
0010110011001100001000100100100001100100100001010001000100101001
1010110100110111110000011001110111001110110011010010010000000010
0001111011010111101010000100010011101110000010011100100000011110
1101111011111011001000001001010101010000010111011110011011011001
0000110011110001011000010101011111111101010001100110001001001001
1011010011111110110101010010100110000010100000011011101101101011
0000000111100010010100001001011110111100100111001011011010010101
1110111110000000110110110100110101100010110001001001001110100111
0011001101011011001000001000011100101001110101111001010010001111
0001000101001011101000101010010001110000110001000100010111110100
1011101110001101010111011011011011010010010100011001001101001000
1111000110001111100101000001000110000010111110110010000111110010
0001000101010111111011001101010100001010011101010000010100010100
1110110000010000110111000101011000010111111001110100011100011000
1011110011001100010100101001010100111111001111101100010111111101
0000111010000100011110111111001000010000000110001000111110101010
0111011000101111100111111111100010000110100111000101001101110111
0110110000110110100011010011111110010100100100100111011111110001
0000110110111010100010100110110101011101100100000101111110111000
1100101000010011010001110000010011111100001001011100111110011011
1110111100101010110110101001010011000001011010111000010011010011
0101000000111100010110100110011011100001100001001010101011010101
0001000011110011100011000110001000100010011011101011100000000100
0000111010011001101010011111101010100101111001110011011000110010
0000010010000001000011111111011001110010011110111101100100010101
0110111100100100011010001110010111001100011100001110111000110111
1100101011110111011110011111100000100010010010001110011100111011
0110010010101011010111100110101010000001101110010100000000010100
0000011111101110000110110000001111001100100011111101111111101000
0010001111000111110011111110100001001001111110000110111001000101
0110000111010100001111011100000011101011001101110011111010111010
1001000101111110010111101001100111000011011011001000011111111011
0000010101110100100001101110110011101010101111111001100010110110
1010000001100101000000000100011001111100101001000000111010001010
1101100100000001101001001010100000110010011010101001010111001111
1000100000110111111011010101001010000101000010000111010110100001
1101000001110001001000000001101111100100101111001001100000000010
0010000110001001010110010011101100001000010110110100001101001001
1001001001111001000011010011001100100100101010111001001011001000
0011000000000010110000000011011100000111000011111011101011111000
0110110000001011011110010000001011101100001001100111010100100110
1010010011101100100010101000110010000101100110010110101010000010
1001010000111011101100111000000100001110010011110001010000111111
1011111110011110001011010110010010111001001110010011011110110110
1001110111111001000111011110111010100111100111100000110110110100
0011110111110001110001110110001010111000000100011011000111000101
0110101101101011001100001000000001111110001110100100010100100100
1100101110100100101101000010101101101000010110100001100110111011
0100000010111010110111111101001101100000100010101111000100100110
0111101101101010101001101000101011101101111000101011001010001000
1111111000100100111110101011001111001110100000110011101111011111
0000110011110110011101001111111110111100100100001011100101111111
0110010110011010110110110011010001111101100100000110111111101010
1111011001101110100000010101001010110100110011101010001101111010
0110111001101100110101111111101010111111010111001111001010111101
0010111111111111010011011011001001101111011001011001000100111110
0010011010110000001010011000100100010010111110000000010100010110
1101101110100100011101001111011000001110000001101011100001111000
1000111100000010100101100001110011000001010110001101110111001000
1100110100010011100100101000000000011101110011111111100011001001
1000000111101001101001101000000100100101111001101100110010101001
