0000000000000000000000000000000000000000000000000000000000000000
0000000000000000000000000000000000000000000000000000000000010100
0000000000000000000000000000000000000000000000000000000000000000
0000000000000000000000000000000000000000000000000000000000000000
0000000000000000000000000000000000000000000000000000000000000000
0000000000000000000000000000000000000000000000000000000000010101
0000000000000000000000000000000000000000000000000000000000100010
0000000000000000000000000000000000000000000000000000000000000000
0000000000000000000000000000000000000000000000000000000000000000
0000000000000000000000000000000000000000000000000000000000000000
0000000000000000000000000000000000000000000000000000000000001000
0000000000000000000000000000000000000000000000000000000000000000
0000000000000000000000000000000000000000000000000000000000000000
0000000000000000000000000000000000000000000000000000000000000000
0000000000000000000000000000000000000000000000000000000000000000
0000000000000000000000000000000000000000000000000000000000000000
0000000000000000000000000000000000000000000000000000000000000000
0000000000000000000000000000000000000000000000000000000000000000
0000000000000000000000000000000000000000000000000000000000000000
0000000000000000000000000000000000000000000000000000000000000000
0000000000000000000000000000000000000000000000000000000000000000
0000000000000000000000000000000000000000000000000000000000000000
0000000000000000000000000000000000000000000000000000000000000000
0000000000000000000000000000000000000000000000000000000000000000
0000000000000000000000000000000000000000000000000000000000000000
0000000000000000000000000000000000000000000000000000000000000000
0000000000000000000000000000000000000000000000000000000000000000
0000000000000000000000000000000000000000000000000000000000000000
0000000000000000000000000000000000000000000000000000000000100010
0000000000000000000000000000000000000000000000000000000000001000
0000000000000000000000000000000000000000000000000000000000001010
0000000000000000000000000000000000000000000000000000000000000000

00000000100000000000010100010011
00000000000000000000111010010011
00000000000100000000001100010011
00000000000000000000001010010011
00000001110000000000000011101111
00000000101000000000111100010011
00000000000000000000111001100011
00000000010100110000111000110011
00000000000000110000001010010011
00000000000011100000001100010011
00000000000111101000111010010011
11111110101011101001100011100011
00000000000000001000000001100111

000000001000 00000 000 01010 0010011
000000000000 00000 000 11101 0010011
000000000001 00000 000 00110 0010011
000000000000 00000 000 00101 0010011
000000011100 00000 000 00001 1101111
000000001010 00000 000 11110 0010011
000000000000 00000 000 11100 1100011
000000000101 00110 000 11100 0110011
000000000000 00110 000 00101 0010011
000000000000 11100 000 00110 0010011
000000000001 11101 000 11101 0010011
111111101010 11101 001 10001 1100011
000000000000 00001 000 00000 1100111

000000000100 00000 000 01010 0010011
000000000001 00000 000 00101 0010011
000000000001 00000 000 00110 0010011
000000001100 00000 000 00001 1101111
0000001 00110 00101 000 00101 0110011
000000000001 00110 000 00110 0010011
111111100110 01010 101 11001 1100011